[NODES 01]
-1 1

[WEIGHT 01]
1 1

[NODES 02]
-1 0 1

[WEIGHT 02]
0.33333333333
1.33333333333
0.33333333333

[NODES 03]
-1.000000000000000
-0.447213595499958
0.447213595499958
1.000000000000000

[WEIGHT 03]
0.166666666666667
0.833333333333333
0.833333333333333
0.166666666666667

[NODES 04]
-1.000000000000000
-0.654653670707977
0
0.654653670707977
1.000000000000000

[WEIGHT 04]
0.100000000000000
0.544444444444444
0.711111111111111
0.544444444444444
0.100000000000000

[NODES 05]
-1.000000000000000
-0.765055323929465
-0.285231516480645
0.285231516480645
0.765055323929465
1.000000000000000

[WEIGHT 05]
0.066666666666667
0.378474956297847
0.554858377035486
0.554858377035486
0.378474956297847
0.066666666666667

[NODES 06]
-1.000000000000000
-0.830223896278567
-0.468848793470714
0
0.468848793470714
0.830223896278567
1.000000000000000

[WEIGHT 06]
0.047619047619048
0.276826047361566
0.431745381209863
0.487619047619048
0.431745381209863
0.276826047361566
0.047619047619048

[NODES 07]
-1.000000000000000
-0.871740148509607
-0.591700181433142
-0.209299217902479
0.209299217902479
0.591700181433142
0.871740148509607
1.000000000000000

[WEIGHT 07]
0.035714285714286
0.210704227143506
0.341122692483504
0.412458794658704
0.412458794658704
0.341122692483504
0.210704227143506
0.035714285714286

[NODES 08]
-1.000000000000000
-0.899757995411460
-0.677186279510738
-0.363117463826178
0
0.363117463826178
0.677186279510738
0.899757995411460
1.000000000000000

[WEIGHT 08]
0.027777777777778
0.165495361560806
0.274538712500162
0.346428510973046
0.371519274376417
0.346428510973046
0.274538712500162
0.165495361560806
0.027777777777778

[NODES 09]
-1.000000000000000
-0.919533908166459
-0.738773865105505
-0.477924949810444
-0.165278957666387
0.165278957666387
0.477924949810444
0.738773865105505
0.919533908166459
1.000000000000000

[WEIGHT 09]
0.022222222222222
0.133305990851070
0.224889342063126
0.292042683679684
0.327539761183897
0.327539761183897
0.292042683679684
0.224889342063126
0.133305990851070
0.022222222222222

[NODES 10]
-1.000000000000000
-0.934001430408059
-0.784483473663144
-0.565235326996205
-0.295758135586939
0
0.295758135586939
0.565235326996205
0.784483473663144
0.934001430408059
1.000000000000000

[WEIGHT 10]
0.018181818181818
0.109612273266995
0.187169881780305
0.248048104264028
0.286879124779008
0.300217595455691
0.286879124779008
0.248048104264028
0.187169881780305
0.109612273266995
0.018181818181818

[NODES 15]
-1.000000000000000
-0.969568046270218
-0.899200533093472
-0.792008291861815
-0.652388702882493
-0.486059421887138
-0.299830468900763
-0.101326273521949
0.101326273521949
0.299830468900763
0.486059421887138
0.652388702882493
0.792008291861815
0.899200533093472
0.969568046270218
1.000000000000000

[WEIGHT 15]
0.008333333333333
0.050850361005920
0.089393697325931
0.124255382132514
0.154026980807164
0.177491913391704
0.193690023825204
0.201958308178230
0.201958308178230
0.193690023825204
0.177491913391704
0.154026980807164
0.124255382132514
0.089393697325931
0.050850361005920
0.008333333333333

[NODES 20]
-1.000000000000000
-0.982572296604548
-0.941976296959745
-0.879294755323590
-0.796001926077712
-0.694051026062223
-0.575831960261831
-0.444115783279002
-0.301989856508765
-0.152785515802185
0
0.152785515802185
0.301989856508765
0.444115783279002
0.575831960261831
0.694051026062223
0.796001926077712
0.879294755323590
0.941976296959745
0.982572296604548
1.000000000000000

[WEIGHT 20]
0.004761904761905
0.029184840098506
0.051843169000850
0.073273918185074
0.092985467957886
0.110517083219123
0.125458121190869
0.137458462860041
0.146236862447977
0.151587575111681
0.153385190332175
0.151587575111681
0.146236862447977
0.137458462860041
0.125458121190869
0.110517083219123
0.092985467957886
0.073273918185074
0.051843169000850
0.029184840098506
0.004761904761905

[NODES 30]
-1.000000000000000
-0.992116844346481
-0.973654935815736
-0.944869170208039
-0.906066951441270
-0.857659995297456
-0.800161543192463
-0.734181136309075
-0.660418202611526
-0.579654657208002
-0.492746619098832
-0.400615338280562
-0.304237431272873
-0.204634529247525
-0.102862448760682
0
0.102862448760682
0.204634529247525
0.304237431272873
0.400615338280562
0.492746619098832
0.579654657208002
0.660418202611526
0.734181136309075
0.800161543192463
0.857659995297456
0.906066951441270
0.944869170208039
0.973654935815736
0.992116844346481
1.000000000000000

[WEIGHT 30]
0.002150537634409
0.013222471025465
0.023666433230270
0.033853940405224
0.043681818160067
0.053046465493449
0.061848741290455
0.069995377594101
0.077400032341476
0.083984220517530
0.089678151045261
0.094421468377858
0.098163893013713
0.100865754798650
0.102498413595470
0.103044562953207
0.102498413595470
0.100865754798650
0.098163893013713
0.094421468377858
0.089678151045261
0.083984220517530
0.077400032341476
0.069995377594101
0.061848741290455
0.053046465493449
0.043681818160067
0.033853940405224
0.023666433230270
0.013222471025465
0.002150537634409

[NODES 99]
-1.000000000000000
-0.999258577965245
-0.997515249037129
-0.994777307190455
-0.991047693712928
-0.986330163816811
-0.980629430722016
-0.973951181007660
-0.966302073440819
-0.957689733680974
-0.948122747162353
-0.937610650735519
-0.926163923252229
-0.913793975165242
-0.900513137178149
-0.886334647967297
-0.871272640993040
-0.855342130415990
-0.838558996133575
-0.820939967952564
-0.802502608913725
-0.783265297785487
-0.763247210744192
-0.742468302259303
-0.720949285202659
-0.698711610201666
-0.675777444257010
-0.652169648646236
-0.627911756135225
-0.603027947520293
-0.577543027524304
-0.551482400070829
-0.524872042960995
-0.497738481978279
-0.470108764447048
-0.442010432271219
-0.413471494479905
-0.384520399307416
-0.355186005835450
-0.325497555225743
-0.295484641571848
-0.265177182399106
-0.234605388842212
-0.203799735530100
-0.172790930208176
-0.141609883128172
-0.110287676236140
-0.078855532189291
-0.047344783232575
-0.015786839966023
0.015786839966023
0.047344783232575
0.078855532189291
0.110287676236140
0.141609883128172
0.172790930208176
0.203799735530100
0.234605388842212
0.265177182399106
0.295484641571848
0.325497555225743
0.355186005835450
0.384520399307416
0.413471494479905
0.442010432271219
0.470108764447048
0.497738481978279
0.524872042960995
0.551482400070829
0.577543027524304
0.603027947520293
0.627911756135225
0.652169648646236
0.675777444257010
0.698711610201666
0.720949285202659
0.742468302259303
0.763247210744192
0.783265297785487
0.802502608913725
0.820939967952564
0.838558996133575
0.855342130415990
0.871272640993040
0.886334647967297
0.900513137178149
0.913793975165242
0.926163923252229
0.937610650735519
0.948122747162353
0.957689733680974
0.966302073440819
0.973951181007660
0.980629430722016
0.986330163816811
0.991047693712928
0.994777307190455
0.997515249037129
0.999258577965245
1.000000000000000

[WEIGHT 99]
0.000202020202020
0.001245076659135
0.002241079755083
0.003234325923635
0.004224276331654
0.005209998070585
0.006190520319147
0.007164869223012
0.008132074847739
0.009091173626580
0.010041209778501
0.010981236426463
0.011910316608772
0.012827524243263
0.013731945065016
0.014622677545198
0.015498833793785
0.016359540446914
0.017203939538826
0.018031189357921
0.018840465286312
0.019630960622148
0.020401887383971
0.021152477096339
0.021881981555960
0.022589673577586
0.023274847718939
0.023936820983941
0.024574933503573
0.025188549193658
0.025777056388945
0.026339868452836
0.026876424362165
0.027386189266453
0.027868655021052
0.028323340693687
0.028749793043858
0.029147586974646
0.029516325956457
0.029855642422295
0.030165198134160
0.030444684520217
0.030693822982381
0.030912365174034
0.031100093247585
0.031256820071621
0.031382389417445
0.031476676114811
0.031539586176695
0.031571056892983
0.031571056892983
0.031539586176695
0.031476676114811
0.031382389417445
0.031256820071621
0.031100093247585
0.030912365174034
0.030693822982381
0.030444684520217
0.030165198134160
0.029855642422295
0.029516325956457
0.029147586974646
0.028749793043858
0.028323340693687
0.027868655021052
0.027386189266453
0.026876424362165
0.026339868452836
0.025777056388945
0.025188549193658
0.024574933503573
0.023936820983941
0.023274847718939
0.022589673577586
0.021881981555960
0.021152477096339
0.020401887383971
0.019630960622148
0.018840465286312
0.018031189357921
0.017203939538826
0.016359540446914
0.015498833793785
0.014622677545198
0.013731945065016
0.012827524243263
0.011910316608772
0.010981236426463
0.010041209778501
0.009091173626580
0.008132074847739
0.007164869223012
0.006190520319147
0.005209998070585
0.004224276331654
0.003234325923635
0.002241079755083
0.001245076659135
0.000202020202020